20
720000 120000
50000 60000
130000 50000
1200000 150000
720000 120000
50000 60000
130000 50000
1200000 150000
720000 120000
50000 60000
130000 50000
1200000 150000
720000 120000
50000 60000
130000 50000
1200000 150000
720000 120000
50000 60000
130000 50000
1200000 150000
50
5000000 7
5000000 30
63000000 24
5000000 7
5000000 30
63000000 24
5000000 7
5000000 30
63000000 24
5000000 7
5000000 30
63000000 24
5000000 7
5000000 30
63000000 24
5000000 7
5000000 30
63000000 24
5000000 7
5000000 30
63000000 24
5000000 7
5000000 30
63000000 24
5000000 7
5000000 30
63000000 24
5000000 7
5000000 30
63000000 24
5000000 7
5000000 30
63000000 24
5000000 7
5000000 30
63000000 24
5000000 7
5000000 30
63000000 24
5000000 7
5000000 30
63000000 24
5000000 7
5000000 30
63000000 24
5000000 30
63000000 24
5000000 7
5000000 30
63000000 24